Generating correct NTT constants for Chipmunk
Parameters: q = 8380417, n = 512, omega = 1753

const int32_t g_zetas_mont[CHIPMUNK_ZETAS_MONT_LEN] = {
    0, // placeholder for index 0
    3669504, 4860673, 6256097, 5352605, 5429942, 6915031, 3966361, 5665140,
    196275,  472978, 7849568, 8028407, 3077328, 5947853, 1347561, 7377256,
    1346337, 5231584, 2790554, 6058051, 1775064, 2552485, 7743944, 7238709,
    1505539, 7758929, 8366163,  153989, 1769373,  956579,  799587, 2146372,
    8163300, 4893081, 4404402, 2552649, 8031436,    6748, 3448827, 3513074,
    7192644, 4557764, 3222891, 1326865, 4618836, 1336686, 5074215, 3476458,
    1667715, 7119279, 1655174, 1895740, 4587088, 4345361, 7999197, 2154700,
    6001450, 3118515, 2724911, 8311710, 5262884, 7376952,  813425, 1263135,
    1845567,  437989, 5176770, 7266616,  144008, 1033514, 1579970, 4149800,
    397444, 1144721, 3776250, 7617237, 3012180,  688830,  738942, 4781108,
    865324,   57495,  223731, 6701261, 6346316, 4278589, 8273719, 5707997,
    8281260, 2166536, 1608707, 4243259, 5003148, 4602262, 5804132,  817158,
    7807084,  597291, 7879415, 1687279, 7893303,  891692, 4378514, 7453487,
    892608, 5984262, 6509619, 5614570, 3731652, 4860696, 6296416,  608059,
    1614468, 5961875,  786876, 5005240, 8269538, 6759121, 7209892, 1271840,
    344598,  690270, 3263262, 5053892, 1371907, 8153709, 4840892, 5101672,
    1326077, 3237472, 1746107, 2073366, 5890037,  561117, 3129312, 4891218,
    1138563, 1361693, 7009401, 1788631, 1194185, 6682472, 6930867, 6585618,
    4754145, 3881687, 8079124, 8180059,  749940, 7299768, 7976962, 5078830,
    3186136, 3938686, 7433367, 7524333, 7759808, 1526633, 2834626, 7892514,
    7888992, 1714926, 6075992, 8084386,  643511, 5098905, 4855943, 6344824,
    1663113, 7432390, 5811652, 5619301, 3644678, 3242780, 2670614, 5313656,
    4195681, 5403084, 1735042, 7817672, 2397221, 3739496, 1850394,  519303,
    5253123, 7026753, 7065436, 7833399, 4825401, 3087200, 6492635,  982869,
    4983872, 4333102, 3270004,  111784, 3207761, 8325643, 4546182, 8060896,
    1367626,  649116, 6544053, 7314453,  198099, 3670450, 6519011, 5317912,
    3276032, 2298451, 6584443, 2694370, 5055839, 4784998, 7684494, 3587863,
    4211089, 7272057, 1301664, 2343568, 1870374, 2022575,  657584, 4627623,
    8359880, 5900724, 2534594, 1522272, 3570210, 6787048, 5883421, 5724103,
    2993410, 1306688, 2770223, 3939476,  437820, 4880513, 7513949, 6317490,
    4029113, 6723975, 4261873, 4111822,  865346,   96061,  786593, 4509141,
    1790942, 5245368, 1812655, 1406172, 1176918, 1554672, 1704491, 4544271,
    3669504, 6256097, 5429942, 3966361,  196275, 7849568, 3077328, 1347561,
    1346337, 2790554, 1775064, 7743944, 1505539, 8366163, 1769373,  799587,
    8163300, 4404402, 8031436, 3448827, 7192644, 3222891, 4618836, 5074215,
    1667715, 1655174, 4587088, 7999197, 6001450, 2724911, 5262884,  813425,
    1845567, 5176770,  144008, 1579970,  397444, 3776250, 3012180,  738942,
    865324,  223731, 6346316, 8273719, 8281260, 1608707, 5003148, 5804132,
    7807084, 7879415, 7893303, 4378514,  892608, 6509619, 3731652, 6296416,
    1614468,  786876, 8269538, 7209892,  344598, 3263262, 1371907, 4840892,
    1326077, 1746107, 5890037, 3129312, 1138563, 7009401, 1194185, 6930867,
    4754145, 8079124,  749940, 7976962, 3186136, 7433367, 7759808, 2834626,
    7888992, 6075992,  643511, 4855943, 1663113, 5811652, 3644678, 2670614,
    4195681, 1735042, 2397221, 1850394, 5253123, 7065436, 4825401, 6492635,
    4983872, 3270004, 3207761, 4546182, 1367626, 6544053,  198099, 6519011,
    3276032, 6584443, 5055839, 7684494, 4211089, 1301664, 1870374,  657584,
    8359880, 2534594, 3570210, 5883421, 2993410, 2770223,  437820, 7513949,
    4029113, 4261873,  865346,  786593, 1790942, 1812655, 1176918, 1704491,
    3669504, 5429942,  196275, 3077328, 1346337, 1775064, 1505539, 1769373,
    8163300, 8031436, 7192644, 4618836, 1667715, 4587088, 6001450, 5262884,
    1845567,  144008,  397444, 3012180,  865324, 6346316, 8281260, 5003148,
    7807084, 7893303,  892608, 3731652, 1614468, 8269538,  344598, 1371907,
    1326077, 5890037, 1138563, 1194185, 4754145,  749940, 3186136, 7759808,
    7888992,  643511, 1663113, 3644678, 4195681, 2397221, 5253123, 4825401,
    4983872, 3207761, 1367626,  198099, 3276032, 5055839, 4211089, 1870374,
    8359880, 3570210, 2993410,  437820, 4029113,  865346, 1790942, 1176918,
    3669504,  196275, 1346337, 1505539, 8163300, 7192644, 1667715, 6001450,
    1845567,  397444,  865324, 8281260, 7807084,  892608, 1614468,  344598,
    1326077, 1138563, 4754145, 3186136, 7888992, 1663113, 4195681, 5253123,
    4983872, 1367626, 3276032, 4211089, 8359880, 2993410, 4029113, 1790942,
    3669504, 1346337, 8163300, 1667715, 1845567,  865324, 7807084, 1614468,
    1326077, 4754145, 7888992, 4195681, 4983872, 3276032, 8359880, 4029113,
    3669504, 8163300, 1845567, 7807084, 1326077, 7888992, 4983872, 8359880,
    3669504, 1845567, 1326077, 4983872, 3669504, 1326077, 3669504,
};

Total zetas generated: 511
CHIPMUNK_ZETAS_MONT_LEN should be: 512

Verification:
omega = 1753
omega^512 mod q = 1 (should be 1)
omega^256 mod q = 8380416 (should be 8380416)

First few zetas (normal form):
omega^1 = 1753
omega^2 = 3073009
omega^3 = 6757063
omega^4 = 3602218
omega^5 = 4234153
omega^6 = 5801164
omega^7 = 3994671
omega^8 = 5010068
omega^9 = 8352605
omega^10 = 1528066
